8.720000000000001137e+02;8.800000000000001137e+02;5.280000000000000000e+02;3.520000000000000000e+02;3.520000000000000000e+02;1.760000000000000000e+02;1.760000000000000000e+02;3.520000000000000000e+02;-1.760000000000000000e+02;-3.520000000000000000e+02;-7.040000000000000000e+02;-1.232000000000000000e+03
0.000000000000000000e+00;2.160000000000000284e+02;2.640000000000000000e+02;1.760000000000000000e+02;1.760000000000000000e+02;8.800000000000000000e+01;8.800000000000000000e+01;1.760000000000000000e+02;-8.800000000000000000e+01;-1.760000000000000000e+02;-3.520000000000000000e+02;-6.160000000000000000e+02
0.000000000000000000e+00;0.000000000000000000e+00;7.720000000000000284e+01;1.056000000000000085e+02;1.056000000000000085e+02;5.280000000000000426e+01;5.280000000000000426e+01;1.056000000000000085e+02;-5.280000000000000426e+01;-1.056000000000000085e+02;-2.112000000000000171e+02;-3.696000000000000227e+02
0.000000000000000000e+00;0.000000000000000000e+00;0.000000000000000000e+00;3.320000000000000284e+01;7.040000000000000568e+01;3.520000000000000284e+01;3.520000000000000284e+01;7.040000000000000568e+01;-3.520000000000000284e+01;-7.040000000000000568e+01;-1.408000000000000114e+02;-2.464000000000000341e+02
0.000000000000000000e+00;0.000000000000000000e+00;0.000000000000000000e+00;0.000000000000000000e+00;3.220000000000000284e+01;3.520000000000000284e+01;3.520000000000000284e+01;7.040000000000000568e+01;-3.520000000000000284e+01;-7.040000000000000568e+01;-1.408000000000000114e+02;-2.464000000000000341e+02
0.000000000000000000e+00;0.000000000000000000e+00;0.000000000000000000e+00;0.000000000000000000e+00;0.000000000000000000e+00;7.800000000000000711e+00;1.760000000000000142e+01;3.520000000000000284e+01;-1.760000000000000142e+01;-3.520000000000000284e+01;-7.040000000000000568e+01;-1.232000000000000171e+02
0.000000000000000000e+00;0.000000000000000000e+00;0.000000000000000000e+00;0.000000000000000000e+00;0.000000000000000000e+00;0.000000000000000000e+00;6.800000000000000711e+00;3.520000000000000284e+01;-1.760000000000000142e+01;-3.520000000000000284e+01;-7.040000000000000568e+01;-1.232000000000000171e+02
0.000000000000000000e+00;0.000000000000000000e+00;0.000000000000000000e+00;0.000000000000000000e+00;0.000000000000000000e+00;0.000000000000000000e+00;0.000000000000000000e+00;3.320000000000000284e+01;-3.520000000000000284e+01;-7.040000000000000568e+01;-1.408000000000000114e+02;-2.464000000000000341e+02
0.000000000000000000e+00;0.000000000000000000e+00;0.000000000000000000e+00;0.000000000000000000e+00;0.000000000000000000e+00;0.000000000000000000e+00;0.000000000000000000e+00;0.000000000000000000e+00;8.800000000000000711e+00;3.520000000000000284e+01;7.040000000000000568e+01;1.232000000000000171e+02
0.000000000000000000e+00;0.000000000000000000e+00;0.000000000000000000e+00;0.000000000000000000e+00;0.000000000000000000e+00;0.000000000000000000e+00;0.000000000000000000e+00;0.000000000000000000e+00;0.000000000000000000e+00;3.520000000000000284e+01;1.408000000000000114e+02;2.464000000000000341e+02
0.000000000000000000e+00;0.000000000000000000e+00;0.000000000000000000e+00;0.000000000000000000e+00;0.000000000000000000e+00;0.000000000000000000e+00;0.000000000000000000e+00;0.000000000000000000e+00;0.000000000000000000e+00;0.000000000000000000e+00;1.408000000000000114e+02;4.928000000000000682e+02
0.000000000000000000e+00;0.000000000000000000e+00;0.000000000000000000e+00;0.000000000000000000e+00;0.000000000000000000e+00;0.000000000000000000e+00;0.000000000000000000e+00;0.000000000000000000e+00;0.000000000000000000e+00;0.000000000000000000e+00;0.000000000000000000e+00;4.312000000000000455e+02
