9.663000000000001819e+03;2.129600000000000364e+04;7.744000000000000909e+03;7.744000000000000909e+03;9.680000000000001819e+03;6.776000000000000909e+03;3.872000000000000455e+03;1.936000000000000227e+03;-9.680000000000001137e+02;-1.936000000000000227e+03;-3.872000000000000455e+03;-7.744000000000000909e+03;-1.452000000000000182e+04
0.000000000000000000e+00;1.169080000000000109e+04;8.518400000000001455e+03;8.518400000000001455e+03;1.064800000000000182e+04;7.453600000000001273e+03;4.259200000000000728e+03;2.129600000000000364e+03;-1.064800000000000182e+03;-2.129600000000000364e+03;-4.259200000000000728e+03;-8.518400000000001455e+03;-1.597200000000000364e+04
0.000000000000000000e+00;0.000000000000000000e+00;1.534800000000000182e+03;3.097600000000000364e+03;3.872000000000000455e+03;2.710400000000000546e+03;1.548800000000000182e+03;7.744000000000000909e+02;-3.872000000000000455e+02;-7.744000000000000909e+02;-1.548800000000000182e+03;-3.097600000000000364e+03;-5.808000000000000909e+03
0.000000000000000000e+00;0.000000000000000000e+00;0.000000000000000000e+00;1.538800000000000182e+03;3.872000000000000455e+03;2.710400000000000546e+03;1.548800000000000182e+03;7.744000000000000909e+02;-3.872000000000000455e+02;-7.744000000000000909e+02;-1.548800000000000182e+03;-3.097600000000000364e+03;-5.808000000000000909e+03
0.000000000000000000e+00;0.000000000000000000e+00;0.000000000000000000e+00;0.000000000000000000e+00;2.413000000000000455e+03;3.388000000000000455e+03;1.936000000000000227e+03;9.680000000000001137e+02;-4.840000000000000568e+02;-9.680000000000001137e+02;-1.936000000000000227e+03;-3.872000000000000455e+03;-7.260000000000000909e+03
0.000000000000000000e+00;0.000000000000000000e+00;0.000000000000000000e+00;0.000000000000000000e+00;0.000000000000000000e+00;1.178800000000000182e+03;1.355200000000000273e+03;6.776000000000001364e+02;-3.388000000000000682e+02;-6.776000000000001364e+02;-1.355200000000000273e+03;-2.710400000000000546e+03;-5.082000000000000909e+03
0.000000000000000000e+00;0.000000000000000000e+00;0.000000000000000000e+00;0.000000000000000000e+00;0.000000000000000000e+00;0.000000000000000000e+00;3.812000000000000455e+02;3.872000000000000455e+02;-1.936000000000000227e+02;-3.872000000000000455e+02;-7.744000000000000909e+02;-1.548800000000000182e+03;-2.904000000000000455e+03
0.000000000000000000e+00;0.000000000000000000e+00;0.000000000000000000e+00;0.000000000000000000e+00;0.000000000000000000e+00;0.000000000000000000e+00;0.000000000000000000e+00;8.980000000000001137e+01;-9.680000000000001137e+01;-1.936000000000000227e+02;-3.872000000000000455e+02;-7.744000000000000909e+02;-1.452000000000000227e+03
0.000000000000000000e+00;0.000000000000000000e+00;0.000000000000000000e+00;0.000000000000000000e+00;0.000000000000000000e+00;0.000000000000000000e+00;0.000000000000000000e+00;0.000000000000000000e+00;2.420000000000000284e+01;9.680000000000001137e+01;1.936000000000000227e+02;3.872000000000000455e+02;7.260000000000001137e+02
0.000000000000000000e+00;0.000000000000000000e+00;0.000000000000000000e+00;0.000000000000000000e+00;0.000000000000000000e+00;0.000000000000000000e+00;0.000000000000000000e+00;0.000000000000000000e+00;0.000000000000000000e+00;9.680000000000001137e+01;3.872000000000000455e+02;7.744000000000000909e+02;1.452000000000000227e+03
0.000000000000000000e+00;0.000000000000000000e+00;0.000000000000000000e+00;0.000000000000000000e+00;0.000000000000000000e+00;0.000000000000000000e+00;0.000000000000000000e+00;0.000000000000000000e+00;0.000000000000000000e+00;0.000000000000000000e+00;3.872000000000000455e+02;1.548800000000000182e+03;2.904000000000000455e+03
0.000000000000000000e+00;0.000000000000000000e+00;0.000000000000000000e+00;0.000000000000000000e+00;0.000000000000000000e+00;0.000000000000000000e+00;0.000000000000000000e+00;0.000000000000000000e+00;0.000000000000000000e+00;0.000000000000000000e+00;0.000000000000000000e+00;1.548800000000000182e+03;5.808000000000000909e+03
0.000000000000000000e+00;0.000000000000000000e+00;0.000000000000000000e+00;0.000000000000000000e+00;0.000000000000000000e+00;0.000000000000000000e+00;0.000000000000000000e+00;0.000000000000000000e+00;0.000000000000000000e+00;0.000000000000000000e+00;0.000000000000000000e+00;0.000000000000000000e+00;5.445000000000000909e+03
