5.331000000000000000e+03;9.504000000000000000e+03;1.009800000000000000e+04;5.940000000000000000e+03;5.940000000000000000e+03;4.158000000000000000e+03;5.940000000000000000e+02;2.376000000000000000e+03;-5.940000000000000000e+02;-1.188000000000000000e+03;-2.376000000000000000e+03;-4.752000000000000000e+03;-6.534000000000000000e+03
0.000000000000000000e+00;4.210000000000000000e+03;8.976000000000000000e+03;5.280000000000000000e+03;5.280000000000000000e+03;3.696000000000000000e+03;5.280000000000000000e+02;2.112000000000000000e+03;-5.280000000000000000e+02;-1.056000000000000000e+03;-2.112000000000000000e+03;-4.224000000000000000e+03;-5.808000000000000000e+03
0.000000000000000000e+00;0.000000000000000000e+00;4.754500000000000000e+03;5.610000000000000000e+03;5.610000000000000000e+03;3.927000000000000000e+03;5.610000000000000000e+02;2.244000000000000000e+03;-5.610000000000000000e+02;-1.122000000000000000e+03;-2.244000000000000000e+03;-4.488000000000000000e+03;-6.171000000000000000e+03
0.000000000000000000e+00;0.000000000000000000e+00;0.000000000000000000e+00;1.640000000000000000e+03;3.300000000000000000e+03;2.310000000000000000e+03;3.300000000000000000e+02;1.320000000000000000e+03;-3.300000000000000000e+02;-6.600000000000000000e+02;-1.320000000000000000e+03;-2.640000000000000000e+03;-3.630000000000000000e+03
0.000000000000000000e+00;0.000000000000000000e+00;0.000000000000000000e+00;0.000000000000000000e+00;1.638000000000000000e+03;2.310000000000000000e+03;3.300000000000000000e+02;1.320000000000000000e+03;-3.300000000000000000e+02;-6.600000000000000000e+02;-1.320000000000000000e+03;-2.640000000000000000e+03;-3.630000000000000000e+03
0.000000000000000000e+00;0.000000000000000000e+00;0.000000000000000000e+00;0.000000000000000000e+00;0.000000000000000000e+00;8.005000000000000000e+02;2.310000000000000000e+02;9.240000000000000000e+02;-2.310000000000000000e+02;-4.620000000000000000e+02;-9.240000000000000000e+02;-1.848000000000000000e+03;-2.541000000000000000e+03
0.000000000000000000e+00;0.000000000000000000e+00;0.000000000000000000e+00;0.000000000000000000e+00;0.000000000000000000e+00;0.000000000000000000e+00;1.250000000000000000e+01;1.320000000000000000e+02;-3.300000000000000000e+01;-6.600000000000000000e+01;-1.320000000000000000e+02;-2.640000000000000000e+02;-3.630000000000000000e+02
0.000000000000000000e+00;0.000000000000000000e+00;0.000000000000000000e+00;0.000000000000000000e+00;0.000000000000000000e+00;0.000000000000000000e+00;0.000000000000000000e+00;2.600000000000000000e+02;-1.320000000000000000e+02;-2.640000000000000000e+02;-5.280000000000000000e+02;-1.056000000000000000e+03;-1.452000000000000000e+03
0.000000000000000000e+00;0.000000000000000000e+00;0.000000000000000000e+00;0.000000000000000000e+00;0.000000000000000000e+00;0.000000000000000000e+00;0.000000000000000000e+00;0.000000000000000000e+00;1.650000000000000000e+01;6.600000000000000000e+01;1.320000000000000000e+02;2.640000000000000000e+02;3.630000000000000000e+02
0.000000000000000000e+00;0.000000000000000000e+00;0.000000000000000000e+00;0.000000000000000000e+00;0.000000000000000000e+00;0.000000000000000000e+00;0.000000000000000000e+00;0.000000000000000000e+00;0.000000000000000000e+00;6.600000000000000000e+01;2.640000000000000000e+02;5.280000000000000000e+02;7.260000000000000000e+02
0.000000000000000000e+00;0.000000000000000000e+00;0.000000000000000000e+00;0.000000000000000000e+00;0.000000000000000000e+00;0.000000000000000000e+00;0.000000000000000000e+00;0.000000000000000000e+00;0.000000000000000000e+00;0.000000000000000000e+00;2.640000000000000000e+02;1.056000000000000000e+03;1.452000000000000000e+03
0.000000000000000000e+00;0.000000000000000000e+00;0.000000000000000000e+00;0.000000000000000000e+00;0.000000000000000000e+00;0.000000000000000000e+00;0.000000000000000000e+00;0.000000000000000000e+00;0.000000000000000000e+00;0.000000000000000000e+00;0.000000000000000000e+00;1.056000000000000000e+03;2.904000000000000000e+03
0.000000000000000000e+00;0.000000000000000000e+00;0.000000000000000000e+00;0.000000000000000000e+00;0.000000000000000000e+00;0.000000000000000000e+00;0.000000000000000000e+00;0.000000000000000000e+00;0.000000000000000000e+00;0.000000000000000000e+00;0.000000000000000000e+00;0.000000000000000000e+00;1.996500000000000000e+03
