1.419000000000000000e+03;2.860000000000000000e+03;3.718000000000000000e+03;2.288000000000000000e+03;1.430000000000000000e+03;1.430000000000000000e+03;1.144000000000000000e+03;1.144000000000000000e+03;-2.860000000000000000e+02;-5.720000000000000000e+02;-1.144000000000000000e+03;-2.288000000000000000e+03;-8.580000000000000000e+02
0.000000000000000000e+00;1.418000000000000000e+03;3.718000000000000000e+03;2.288000000000000000e+03;1.430000000000000000e+03;1.430000000000000000e+03;1.144000000000000000e+03;1.144000000000000000e+03;-2.860000000000000000e+02;-5.720000000000000000e+02;-1.144000000000000000e+03;-2.288000000000000000e+03;-8.580000000000000000e+02
0.000000000000000000e+00;0.000000000000000000e+00;2.403700000000000273e+03;2.974400000000000091e+03;1.859000000000000000e+03;1.859000000000000000e+03;1.487200000000000045e+03;1.487200000000000045e+03;-3.718000000000000114e+02;-7.436000000000000227e+02;-1.487200000000000045e+03;-2.974400000000000091e+03;-1.115400000000000091e+03
0.000000000000000000e+00;0.000000000000000000e+00;0.000000000000000000e+00;9.072000000000000455e+02;1.144000000000000000e+03;1.144000000000000000e+03;9.152000000000000455e+02;9.152000000000000455e+02;-2.288000000000000114e+02;-4.576000000000000227e+02;-9.152000000000000455e+02;-1.830400000000000091e+03;-6.864000000000000909e+02
0.000000000000000000e+00;0.000000000000000000e+00;0.000000000000000000e+00;0.000000000000000000e+00;3.515000000000000000e+02;7.150000000000000000e+02;5.720000000000000000e+02;5.720000000000000000e+02;-1.430000000000000000e+02;-2.860000000000000000e+02;-5.720000000000000000e+02;-1.144000000000000000e+03;-4.290000000000000000e+02
0.000000000000000000e+00;0.000000000000000000e+00;0.000000000000000000e+00;0.000000000000000000e+00;0.000000000000000000e+00;3.495000000000000000e+02;5.720000000000000000e+02;5.720000000000000000e+02;-1.430000000000000000e+02;-2.860000000000000000e+02;-5.720000000000000000e+02;-1.144000000000000000e+03;-4.290000000000000000e+02
0.000000000000000000e+00;0.000000000000000000e+00;0.000000000000000000e+00;0.000000000000000000e+00;0.000000000000000000e+00;0.000000000000000000e+00;2.248000000000000114e+02;4.576000000000000227e+02;-1.144000000000000057e+02;-2.288000000000000114e+02;-4.576000000000000227e+02;-9.152000000000000455e+02;-3.432000000000000455e+02
0.000000000000000000e+00;0.000000000000000000e+00;0.000000000000000000e+00;0.000000000000000000e+00;0.000000000000000000e+00;0.000000000000000000e+00;0.000000000000000000e+00;2.278000000000000114e+02;-1.144000000000000057e+02;-2.288000000000000114e+02;-4.576000000000000227e+02;-9.152000000000000455e+02;-3.432000000000000455e+02
0.000000000000000000e+00;0.000000000000000000e+00;0.000000000000000000e+00;0.000000000000000000e+00;0.000000000000000000e+00;0.000000000000000000e+00;0.000000000000000000e+00;0.000000000000000000e+00;1.430000000000000071e+01;5.720000000000000284e+01;1.144000000000000057e+02;2.288000000000000114e+02;8.580000000000001137e+01
0.000000000000000000e+00;0.000000000000000000e+00;0.000000000000000000e+00;0.000000000000000000e+00;0.000000000000000000e+00;0.000000000000000000e+00;0.000000000000000000e+00;0.000000000000000000e+00;0.000000000000000000e+00;5.720000000000000284e+01;2.288000000000000114e+02;4.576000000000000227e+02;1.716000000000000227e+02
0.000000000000000000e+00;0.000000000000000000e+00;0.000000000000000000e+00;0.000000000000000000e+00;0.000000000000000000e+00;0.000000000000000000e+00;0.000000000000000000e+00;0.000000000000000000e+00;0.000000000000000000e+00;0.000000000000000000e+00;2.288000000000000114e+02;9.152000000000000455e+02;3.432000000000000455e+02
0.000000000000000000e+00;0.000000000000000000e+00;0.000000000000000000e+00;0.000000000000000000e+00;0.000000000000000000e+00;0.000000000000000000e+00;0.000000000000000000e+00;0.000000000000000000e+00;0.000000000000000000e+00;0.000000000000000000e+00;0.000000000000000000e+00;9.152000000000000455e+02;6.864000000000000909e+02
0.000000000000000000e+00;0.000000000000000000e+00;0.000000000000000000e+00;0.000000000000000000e+00;0.000000000000000000e+00;0.000000000000000000e+00;0.000000000000000000e+00;0.000000000000000000e+00;0.000000000000000000e+00;0.000000000000000000e+00;0.000000000000000000e+00;0.000000000000000000e+00;1.287000000000000171e+02
