3.647800000000000182e+03;6.406400000000000546e+03;6.864000000000000000e+03;4.118400000000000546e+03;3.203200000000000273e+03;4.118400000000000546e+03;1.830400000000000091e+03;2.288000000000000000e+03;-4.576000000000000227e+02;-9.152000000000000455e+02;-1.830400000000000091e+03;-3.660800000000000182e+03;-3.203200000000000273e+03
0.000000000000000000e+00;2.790800000000000182e+03;6.006000000000000000e+03;3.603600000000000364e+03;2.802800000000000182e+03;3.603600000000000364e+03;1.601600000000000136e+03;2.002000000000000000e+03;-4.004000000000000341e+02;-8.008000000000000682e+02;-1.601600000000000136e+03;-3.203200000000000273e+03;-2.802800000000000182e+03
0.000000000000000000e+00;0.000000000000000000e+00;3.205500000000000000e+03;3.861000000000000000e+03;3.003000000000000000e+03;3.861000000000000000e+03;1.716000000000000000e+03;2.145000000000000000e+03;-4.290000000000000000e+02;-8.580000000000000000e+02;-1.716000000000000000e+03;-3.432000000000000000e+03;-3.003000000000000000e+03
0.000000000000000000e+00;0.000000000000000000e+00;0.000000000000000000e+00;1.149299999999999955e+03;1.801800000000000182e+03;2.316599999999999909e+03;1.029600000000000136e+03;1.287000000000000000e+03;-2.574000000000000341e+02;-5.148000000000000682e+02;-1.029600000000000136e+03;-2.059200000000000273e+03;-1.801800000000000182e+03
0.000000000000000000e+00;0.000000000000000000e+00;0.000000000000000000e+00;0.000000000000000000e+00;6.917000000000000455e+02;1.801800000000000182e+03;8.008000000000000682e+02;1.001000000000000000e+03;-2.002000000000000171e+02;-4.004000000000000341e+02;-8.008000000000000682e+02;-1.601600000000000136e+03;-1.401400000000000091e+03
0.000000000000000000e+00;0.000000000000000000e+00;0.000000000000000000e+00;0.000000000000000000e+00;0.000000000000000000e+00;1.152299999999999955e+03;1.029600000000000136e+03;1.287000000000000000e+03;-2.574000000000000341e+02;-5.148000000000000682e+02;-1.029600000000000136e+03;-2.059200000000000273e+03;-1.801800000000000182e+03
0.000000000000000000e+00;0.000000000000000000e+00;0.000000000000000000e+00;0.000000000000000000e+00;0.000000000000000000e+00;0.000000000000000000e+00;2.278000000000000114e+02;5.720000000000000000e+02;-1.144000000000000057e+02;-2.288000000000000114e+02;-4.576000000000000227e+02;-9.152000000000000455e+02;-8.008000000000000682e+02
0.000000000000000000e+00;0.000000000000000000e+00;0.000000000000000000e+00;0.000000000000000000e+00;0.000000000000000000e+00;0.000000000000000000e+00;0.000000000000000000e+00;3.535000000000000000e+02;-1.430000000000000000e+02;-2.860000000000000000e+02;-5.720000000000000000e+02;-1.144000000000000000e+03;-1.001000000000000000e+03
0.000000000000000000e+00;0.000000000000000000e+00;0.000000000000000000e+00;0.000000000000000000e+00;0.000000000000000000e+00;0.000000000000000000e+00;0.000000000000000000e+00;0.000000000000000000e+00;1.430000000000000071e+01;5.720000000000000284e+01;1.144000000000000057e+02;2.288000000000000114e+02;2.002000000000000171e+02
0.000000000000000000e+00;0.000000000000000000e+00;0.000000000000000000e+00;0.000000000000000000e+00;0.000000000000000000e+00;0.000000000000000000e+00;0.000000000000000000e+00;0.000000000000000000e+00;0.000000000000000000e+00;5.720000000000000284e+01;2.288000000000000114e+02;4.576000000000000227e+02;4.004000000000000341e+02
0.000000000000000000e+00;0.000000000000000000e+00;0.000000000000000000e+00;0.000000000000000000e+00;0.000000000000000000e+00;0.000000000000000000e+00;0.000000000000000000e+00;0.000000000000000000e+00;0.000000000000000000e+00;0.000000000000000000e+00;2.288000000000000114e+02;9.152000000000000455e+02;8.008000000000000682e+02
0.000000000000000000e+00;0.000000000000000000e+00;0.000000000000000000e+00;0.000000000000000000e+00;0.000000000000000000e+00;0.000000000000000000e+00;0.000000000000000000e+00;0.000000000000000000e+00;0.000000000000000000e+00;0.000000000000000000e+00;0.000000000000000000e+00;9.152000000000000455e+02;1.601600000000000136e+03
0.000000000000000000e+00;0.000000000000000000e+00;0.000000000000000000e+00;0.000000000000000000e+00;0.000000000000000000e+00;0.000000000000000000e+00;0.000000000000000000e+00;0.000000000000000000e+00;0.000000000000000000e+00;0.000000000000000000e+00;0.000000000000000000e+00;0.000000000000000000e+00;7.007000000000000455e+02
