2.712000000000000455e+02;5.544000000000000909e+02;6.468000000000000682e+02;3.696000000000000227e+02;2.772000000000000455e+02;2.772000000000000455e+02;1.848000000000000114e+02;1.848000000000000114e+02;-9.240000000000000568e+01;-1.848000000000000114e+02;-3.696000000000000227e+02;-2.772000000000000455e+02
0.000000000000000000e+00;2.702000000000000455e+02;6.468000000000000682e+02;3.696000000000000227e+02;2.772000000000000455e+02;2.772000000000000455e+02;1.848000000000000114e+02;1.848000000000000114e+02;-9.240000000000000568e+01;-1.848000000000000114e+02;-3.696000000000000227e+02;-2.772000000000000455e+02
0.000000000000000000e+00;0.000000000000000000e+00;3.703000000000000682e+02;4.312000000000000455e+02;3.234000000000000341e+02;3.234000000000000341e+02;2.156000000000000227e+02;2.156000000000000227e+02;-1.078000000000000114e+02;-2.156000000000000227e+02;-4.312000000000000455e+02;-3.234000000000000341e+02
0.000000000000000000e+00;0.000000000000000000e+00;0.000000000000000000e+00;1.192000000000000171e+02;1.848000000000000114e+02;1.848000000000000114e+02;1.232000000000000171e+02;1.232000000000000171e+02;-6.160000000000000853e+01;-1.232000000000000171e+02;-2.464000000000000341e+02;-1.848000000000000114e+02
0.000000000000000000e+00;0.000000000000000000e+00;0.000000000000000000e+00;0.000000000000000000e+00;6.630000000000001137e+01;1.386000000000000227e+02;9.240000000000000568e+01;9.240000000000000568e+01;-4.620000000000000284e+01;-9.240000000000000568e+01;-1.848000000000000114e+02;-1.386000000000000227e+02
0.000000000000000000e+00;0.000000000000000000e+00;0.000000000000000000e+00;0.000000000000000000e+00;0.000000000000000000e+00;6.530000000000001137e+01;9.240000000000000568e+01;9.240000000000000568e+01;-4.620000000000000284e+01;-9.240000000000000568e+01;-1.848000000000000114e+02;-1.386000000000000227e+02
0.000000000000000000e+00;0.000000000000000000e+00;0.000000000000000000e+00;0.000000000000000000e+00;0.000000000000000000e+00;0.000000000000000000e+00;2.880000000000000426e+01;6.160000000000000853e+01;-3.080000000000000426e+01;-6.160000000000000853e+01;-1.232000000000000171e+02;-9.240000000000000568e+01
0.000000000000000000e+00;0.000000000000000000e+00;0.000000000000000000e+00;0.000000000000000000e+00;0.000000000000000000e+00;0.000000000000000000e+00;0.000000000000000000e+00;2.980000000000000426e+01;-3.080000000000000426e+01;-6.160000000000000853e+01;-1.232000000000000171e+02;-9.240000000000000568e+01
0.000000000000000000e+00;0.000000000000000000e+00;0.000000000000000000e+00;0.000000000000000000e+00;0.000000000000000000e+00;0.000000000000000000e+00;0.000000000000000000e+00;0.000000000000000000e+00;7.700000000000001066e+00;3.080000000000000426e+01;6.160000000000000853e+01;4.620000000000000284e+01
0.000000000000000000e+00;0.000000000000000000e+00;0.000000000000000000e+00;0.000000000000000000e+00;0.000000000000000000e+00;0.000000000000000000e+00;0.000000000000000000e+00;0.000000000000000000e+00;0.000000000000000000e+00;3.080000000000000426e+01;1.232000000000000171e+02;9.240000000000000568e+01
0.000000000000000000e+00;0.000000000000000000e+00;0.000000000000000000e+00;0.000000000000000000e+00;0.000000000000000000e+00;0.000000000000000000e+00;0.000000000000000000e+00;0.000000000000000000e+00;0.000000000000000000e+00;0.000000000000000000e+00;1.232000000000000171e+02;1.848000000000000114e+02
0.000000000000000000e+00;0.000000000000000000e+00;0.000000000000000000e+00;0.000000000000000000e+00;0.000000000000000000e+00;0.000000000000000000e+00;0.000000000000000000e+00;0.000000000000000000e+00;0.000000000000000000e+00;0.000000000000000000e+00;0.000000000000000000e+00;6.930000000000001137e+01
