9.663000000000001819e+03;2.129600000000000364e+04;1.548800000000000182e+04;7.744000000000000909e+03;1.355200000000000182e+04;1.064800000000000182e+04;3.872000000000000455e+03;1.936000000000000227e+03;-9.680000000000001137e+02;-1.936000000000000227e+03;-3.872000000000000455e+03;-7.744000000000000909e+03;-1.452000000000000182e+04
0.000000000000000000e+00;1.169080000000000109e+04;1.703680000000000291e+04;8.518400000000001455e+03;1.490720000000000255e+04;1.171280000000000109e+04;4.259200000000000728e+03;2.129600000000000364e+03;-1.064800000000000182e+03;-2.129600000000000364e+03;-4.259200000000000728e+03;-8.518400000000001455e+03;-1.597200000000000364e+04
0.000000000000000000e+00;0.000000000000000000e+00;6.173200000000000728e+03;6.195200000000000728e+03;1.084160000000000218e+04;8.518400000000001455e+03;3.097600000000000364e+03;1.548800000000000182e+03;-7.744000000000000909e+02;-1.548800000000000182e+03;-3.097600000000000364e+03;-6.195200000000000728e+03;-1.161600000000000182e+04
0.000000000000000000e+00;0.000000000000000000e+00;0.000000000000000000e+00;1.538800000000000182e+03;5.420800000000001091e+03;4.259200000000000728e+03;1.548800000000000182e+03;7.744000000000000909e+02;-3.872000000000000455e+02;-7.744000000000000909e+02;-1.548800000000000182e+03;-3.097600000000000364e+03;-5.808000000000000909e+03
0.000000000000000000e+00;0.000000000000000000e+00;0.000000000000000000e+00;0.000000000000000000e+00;4.732200000000000728e+03;7.453600000000001273e+03;2.710400000000000546e+03;1.355200000000000273e+03;-6.776000000000001364e+02;-1.355200000000000273e+03;-2.710400000000000546e+03;-5.420800000000001091e+03;-1.016400000000000182e+04
0.000000000000000000e+00;0.000000000000000000e+00;0.000000000000000000e+00;0.000000000000000000e+00;0.000000000000000000e+00;2.917200000000000273e+03;2.129600000000000364e+03;1.064800000000000182e+03;-5.324000000000000909e+02;-1.064800000000000182e+03;-2.129600000000000364e+03;-4.259200000000000728e+03;-7.986000000000001819e+03
0.000000000000000000e+00;0.000000000000000000e+00;0.000000000000000000e+00;0.000000000000000000e+00;0.000000000000000000e+00;0.000000000000000000e+00;3.812000000000000455e+02;3.872000000000000455e+02;-1.936000000000000227e+02;-3.872000000000000455e+02;-7.744000000000000909e+02;-1.548800000000000182e+03;-2.904000000000000455e+03
0.000000000000000000e+00;0.000000000000000000e+00;0.000000000000000000e+00;0.000000000000000000e+00;0.000000000000000000e+00;0.000000000000000000e+00;0.000000000000000000e+00;8.980000000000001137e+01;-9.680000000000001137e+01;-1.936000000000000227e+02;-3.872000000000000455e+02;-7.744000000000000909e+02;-1.452000000000000227e+03
0.000000000000000000e+00;0.000000000000000000e+00;0.000000000000000000e+00;0.000000000000000000e+00;0.000000000000000000e+00;0.000000000000000000e+00;0.000000000000000000e+00;0.000000000000000000e+00;2.420000000000000284e+01;9.680000000000001137e+01;1.936000000000000227e+02;3.872000000000000455e+02;7.260000000000001137e+02
0.000000000000000000e+00;0.000000000000000000e+00;0.000000000000000000e+00;0.000000000000000000e+00;0.000000000000000000e+00;0.000000000000000000e+00;0.000000000000000000e+00;0.000000000000000000e+00;0.000000000000000000e+00;9.680000000000001137e+01;3.872000000000000455e+02;7.744000000000000909e+02;1.452000000000000227e+03
0.000000000000000000e+00;0.000000000000000000e+00;0.000000000000000000e+00;0.000000000000000000e+00;0.000000000000000000e+00;0.000000000000000000e+00;0.000000000000000000e+00;0.000000000000000000e+00;0.000000000000000000e+00;0.000000000000000000e+00;3.872000000000000455e+02;1.548800000000000182e+03;2.904000000000000455e+03
0.000000000000000000e+00;0.000000000000000000e+00;0.000000000000000000e+00;0.000000000000000000e+00;0.000000000000000000e+00;0.000000000000000000e+00;0.000000000000000000e+00;0.000000000000000000e+00;0.000000000000000000e+00;0.000000000000000000e+00;0.000000000000000000e+00;1.548800000000000182e+03;5.808000000000000909e+03
0.000000000000000000e+00;0.000000000000000000e+00;0.000000000000000000e+00;0.000000000000000000e+00;0.000000000000000000e+00;0.000000000000000000e+00;0.000000000000000000e+00;0.000000000000000000e+00;0.000000000000000000e+00;0.000000000000000000e+00;0.000000000000000000e+00;0.000000000000000000e+00;5.445000000000000909e+03
