1.199000000000000227e+03;1.210000000000000227e+03;1.452000000000000227e+03;1.210000000000000227e+03;2.420000000000000284e+02;2.420000000000000284e+02;9.680000000000001137e+02;9.680000000000001137e+02;-2.420000000000000284e+02;-4.840000000000000568e+02;-9.680000000000001137e+02;-1.936000000000000227e+03;-7.260000000000001137e+02
0.000000000000000000e+00;2.955000000000000568e+02;7.260000000000001137e+02;6.050000000000001137e+02;1.210000000000000142e+02;1.210000000000000142e+02;4.840000000000000568e+02;4.840000000000000568e+02;-1.210000000000000142e+02;-2.420000000000000284e+02;-4.840000000000000568e+02;-9.680000000000001137e+02;-3.630000000000000568e+02
0.000000000000000000e+00;0.000000000000000000e+00;4.296000000000000227e+02;7.260000000000001137e+02;1.452000000000000171e+02;1.452000000000000171e+02;5.808000000000000682e+02;5.808000000000000682e+02;-1.452000000000000171e+02;-2.904000000000000341e+02;-5.808000000000000682e+02;-1.161600000000000136e+03;-4.356000000000000227e+02
0.000000000000000000e+00;0.000000000000000000e+00;0.000000000000000000e+00;2.975000000000000568e+02;1.210000000000000142e+02;1.210000000000000142e+02;4.840000000000000568e+02;4.840000000000000568e+02;-1.210000000000000142e+02;-2.420000000000000284e+02;-4.840000000000000568e+02;-9.680000000000001137e+02;-3.630000000000000568e+02
0.000000000000000000e+00;0.000000000000000000e+00;0.000000000000000000e+00;0.000000000000000000e+00;1.010000000000000142e+01;2.420000000000000284e+01;9.680000000000001137e+01;9.680000000000001137e+01;-2.420000000000000284e+01;-4.840000000000000568e+01;-9.680000000000001137e+01;-1.936000000000000227e+02;-7.260000000000000853e+01
0.000000000000000000e+00;0.000000000000000000e+00;0.000000000000000000e+00;0.000000000000000000e+00;0.000000000000000000e+00;8.100000000000001421e+00;9.680000000000001137e+01;9.680000000000001137e+01;-2.420000000000000284e+01;-4.840000000000000568e+01;-9.680000000000001137e+01;-1.936000000000000227e+02;-7.260000000000000853e+01
0.000000000000000000e+00;0.000000000000000000e+00;0.000000000000000000e+00;0.000000000000000000e+00;0.000000000000000000e+00;0.000000000000000000e+00;1.896000000000000227e+02;3.872000000000000455e+02;-9.680000000000001137e+01;-1.936000000000000227e+02;-3.872000000000000455e+02;-7.744000000000000909e+02;-2.904000000000000341e+02
0.000000000000000000e+00;0.000000000000000000e+00;0.000000000000000000e+00;0.000000000000000000e+00;0.000000000000000000e+00;0.000000000000000000e+00;0.000000000000000000e+00;1.926000000000000227e+02;-9.680000000000001137e+01;-1.936000000000000227e+02;-3.872000000000000455e+02;-7.744000000000000909e+02;-2.904000000000000341e+02
0.000000000000000000e+00;0.000000000000000000e+00;0.000000000000000000e+00;0.000000000000000000e+00;0.000000000000000000e+00;0.000000000000000000e+00;0.000000000000000000e+00;0.000000000000000000e+00;1.210000000000000142e+01;4.840000000000000568e+01;9.680000000000001137e+01;1.936000000000000227e+02;7.260000000000000853e+01
0.000000000000000000e+00;0.000000000000000000e+00;0.000000000000000000e+00;0.000000000000000000e+00;0.000000000000000000e+00;0.000000000000000000e+00;0.000000000000000000e+00;0.000000000000000000e+00;0.000000000000000000e+00;4.840000000000000568e+01;1.936000000000000227e+02;3.872000000000000455e+02;1.452000000000000171e+02
0.000000000000000000e+00;0.000000000000000000e+00;0.000000000000000000e+00;0.000000000000000000e+00;0.000000000000000000e+00;0.000000000000000000e+00;0.000000000000000000e+00;0.000000000000000000e+00;0.000000000000000000e+00;0.000000000000000000e+00;1.936000000000000227e+02;7.744000000000000909e+02;2.904000000000000341e+02
0.000000000000000000e+00;0.000000000000000000e+00;0.000000000000000000e+00;0.000000000000000000e+00;0.000000000000000000e+00;0.000000000000000000e+00;0.000000000000000000e+00;0.000000000000000000e+00;0.000000000000000000e+00;0.000000000000000000e+00;0.000000000000000000e+00;7.744000000000000909e+02;5.808000000000000682e+02
0.000000000000000000e+00;0.000000000000000000e+00;0.000000000000000000e+00;0.000000000000000000e+00;0.000000000000000000e+00;0.000000000000000000e+00;0.000000000000000000e+00;0.000000000000000000e+00;0.000000000000000000e+00;0.000000000000000000e+00;0.000000000000000000e+00;0.000000000000000000e+00;1.089000000000000057e+02
