1.309000000000000000e+03;2.640000000000000000e+03;2.112000000000000000e+03;2.112000000000000000e+03;7.920000000000001137e+02;7.920000000000001137e+02;1.056000000000000000e+03;1.056000000000000000e+03;-2.640000000000000000e+02;-5.280000000000000000e+02;-1.056000000000000000e+03;-2.112000000000000000e+03;-7.920000000000000000e+02
0.000000000000000000e+00;1.308000000000000000e+03;2.112000000000000000e+03;2.112000000000000000e+03;7.920000000000001137e+02;7.920000000000001137e+02;1.056000000000000000e+03;1.056000000000000000e+03;-2.640000000000000000e+02;-5.280000000000000000e+02;-1.056000000000000000e+03;-2.112000000000000000e+03;-7.920000000000000000e+02
0.000000000000000000e+00;0.000000000000000000e+00;8.368000000000000682e+02;1.689600000000000136e+03;6.336000000000000227e+02;6.336000000000000227e+02;8.448000000000000682e+02;8.448000000000000682e+02;-2.112000000000000171e+02;-4.224000000000000341e+02;-8.448000000000000682e+02;-1.689600000000000136e+03;-6.336000000000000227e+02
0.000000000000000000e+00;0.000000000000000000e+00;0.000000000000000000e+00;8.368000000000000682e+02;6.336000000000000227e+02;6.336000000000000227e+02;8.448000000000000682e+02;8.448000000000000682e+02;-2.112000000000000171e+02;-4.224000000000000341e+02;-8.448000000000000682e+02;-1.689600000000000136e+03;-6.336000000000000227e+02
0.000000000000000000e+00;0.000000000000000000e+00;0.000000000000000000e+00;0.000000000000000000e+00;1.148000000000000114e+02;2.376000000000000227e+02;3.168000000000000114e+02;3.168000000000000114e+02;-7.920000000000000284e+01;-1.584000000000000057e+02;-3.168000000000000114e+02;-6.336000000000000227e+02;-2.376000000000000227e+02
0.000000000000000000e+00;0.000000000000000000e+00;0.000000000000000000e+00;0.000000000000000000e+00;0.000000000000000000e+00;1.128000000000000114e+02;3.168000000000000114e+02;3.168000000000000114e+02;-7.920000000000000284e+01;-1.584000000000000057e+02;-3.168000000000000114e+02;-6.336000000000000227e+02;-2.376000000000000227e+02
0.000000000000000000e+00;0.000000000000000000e+00;0.000000000000000000e+00;0.000000000000000000e+00;0.000000000000000000e+00;0.000000000000000000e+00;2.072000000000000171e+02;4.224000000000000341e+02;-1.056000000000000085e+02;-2.112000000000000171e+02;-4.224000000000000341e+02;-8.448000000000000682e+02;-3.168000000000000114e+02
0.000000000000000000e+00;0.000000000000000000e+00;0.000000000000000000e+00;0.000000000000000000e+00;0.000000000000000000e+00;0.000000000000000000e+00;0.000000000000000000e+00;2.102000000000000171e+02;-1.056000000000000085e+02;-2.112000000000000171e+02;-4.224000000000000341e+02;-8.448000000000000682e+02;-3.168000000000000114e+02
0.000000000000000000e+00;0.000000000000000000e+00;0.000000000000000000e+00;0.000000000000000000e+00;0.000000000000000000e+00;0.000000000000000000e+00;0.000000000000000000e+00;0.000000000000000000e+00;1.320000000000000107e+01;5.280000000000000426e+01;1.056000000000000085e+02;2.112000000000000171e+02;7.920000000000000284e+01
0.000000000000000000e+00;0.000000000000000000e+00;0.000000000000000000e+00;0.000000000000000000e+00;0.000000000000000000e+00;0.000000000000000000e+00;0.000000000000000000e+00;0.000000000000000000e+00;0.000000000000000000e+00;5.280000000000000426e+01;2.112000000000000171e+02;4.224000000000000341e+02;1.584000000000000057e+02
0.000000000000000000e+00;0.000000000000000000e+00;0.000000000000000000e+00;0.000000000000000000e+00;0.000000000000000000e+00;0.000000000000000000e+00;0.000000000000000000e+00;0.000000000000000000e+00;0.000000000000000000e+00;0.000000000000000000e+00;2.112000000000000171e+02;8.448000000000000682e+02;3.168000000000000114e+02
0.000000000000000000e+00;0.000000000000000000e+00;0.000000000000000000e+00;0.000000000000000000e+00;0.000000000000000000e+00;0.000000000000000000e+00;0.000000000000000000e+00;0.000000000000000000e+00;0.000000000000000000e+00;0.000000000000000000e+00;0.000000000000000000e+00;8.448000000000000682e+02;6.336000000000000227e+02
0.000000000000000000e+00;0.000000000000000000e+00;0.000000000000000000e+00;0.000000000000000000e+00;0.000000000000000000e+00;0.000000000000000000e+00;0.000000000000000000e+00;0.000000000000000000e+00;0.000000000000000000e+00;0.000000000000000000e+00;0.000000000000000000e+00;0.000000000000000000e+00;1.188000000000000114e+02
