2.316000000000000227e+02;2.376000000000000227e+02;2.376000000000000227e+02;1.584000000000000057e+02;7.920000000000000284e+01;7.920000000000000284e+01;1.584000000000000057e+02;1.584000000000000057e+02;-7.920000000000000284e+01;-1.584000000000000057e+02;-3.168000000000000114e+02;-2.376000000000000227e+02
0.000000000000000000e+00;5.540000000000000568e+01;1.188000000000000114e+02;7.920000000000000284e+01;3.960000000000000142e+01;3.960000000000000142e+01;7.920000000000000284e+01;7.920000000000000284e+01;-3.960000000000000142e+01;-7.920000000000000284e+01;-1.584000000000000057e+02;-1.188000000000000114e+02
0.000000000000000000e+00;0.000000000000000000e+00;5.640000000000000568e+01;7.920000000000000284e+01;3.960000000000000142e+01;3.960000000000000142e+01;7.920000000000000284e+01;7.920000000000000284e+01;-3.960000000000000142e+01;-7.920000000000000284e+01;-1.584000000000000057e+02;-1.188000000000000114e+02
0.000000000000000000e+00;0.000000000000000000e+00;0.000000000000000000e+00;2.440000000000000213e+01;2.640000000000000213e+01;2.640000000000000213e+01;5.280000000000000426e+01;5.280000000000000426e+01;-2.640000000000000213e+01;-5.280000000000000426e+01;-1.056000000000000085e+02;-7.920000000000000284e+01
0.000000000000000000e+00;0.000000000000000000e+00;0.000000000000000000e+00;0.000000000000000000e+00;5.600000000000000533e+00;1.320000000000000107e+01;2.640000000000000213e+01;2.640000000000000213e+01;-1.320000000000000107e+01;-2.640000000000000213e+01;-5.280000000000000426e+01;-3.960000000000000142e+01
0.000000000000000000e+00;0.000000000000000000e+00;0.000000000000000000e+00;0.000000000000000000e+00;0.000000000000000000e+00;4.600000000000000533e+00;2.640000000000000213e+01;2.640000000000000213e+01;-1.320000000000000107e+01;-2.640000000000000213e+01;-5.280000000000000426e+01;-3.960000000000000142e+01
0.000000000000000000e+00;0.000000000000000000e+00;0.000000000000000000e+00;0.000000000000000000e+00;0.000000000000000000e+00;0.000000000000000000e+00;2.440000000000000213e+01;5.280000000000000426e+01;-2.640000000000000213e+01;-5.280000000000000426e+01;-1.056000000000000085e+02;-7.920000000000000284e+01
0.000000000000000000e+00;0.000000000000000000e+00;0.000000000000000000e+00;0.000000000000000000e+00;0.000000000000000000e+00;0.000000000000000000e+00;0.000000000000000000e+00;2.540000000000000213e+01;-2.640000000000000213e+01;-5.280000000000000426e+01;-1.056000000000000085e+02;-7.920000000000000284e+01
0.000000000000000000e+00;0.000000000000000000e+00;0.000000000000000000e+00;0.000000000000000000e+00;0.000000000000000000e+00;0.000000000000000000e+00;0.000000000000000000e+00;0.000000000000000000e+00;6.600000000000000533e+00;2.640000000000000213e+01;5.280000000000000426e+01;3.960000000000000142e+01
0.000000000000000000e+00;0.000000000000000000e+00;0.000000000000000000e+00;0.000000000000000000e+00;0.000000000000000000e+00;0.000000000000000000e+00;0.000000000000000000e+00;0.000000000000000000e+00;0.000000000000000000e+00;2.640000000000000213e+01;1.056000000000000085e+02;7.920000000000000284e+01
0.000000000000000000e+00;0.000000000000000000e+00;0.000000000000000000e+00;0.000000000000000000e+00;0.000000000000000000e+00;0.000000000000000000e+00;0.000000000000000000e+00;0.000000000000000000e+00;0.000000000000000000e+00;0.000000000000000000e+00;1.056000000000000085e+02;1.584000000000000057e+02
0.000000000000000000e+00;0.000000000000000000e+00;0.000000000000000000e+00;0.000000000000000000e+00;0.000000000000000000e+00;0.000000000000000000e+00;0.000000000000000000e+00;0.000000000000000000e+00;0.000000000000000000e+00;0.000000000000000000e+00;0.000000000000000000e+00;5.940000000000000568e+01
