5.331000000000000000e+03;5.346000000000000000e+03;4.158000000000000000e+03;2.970000000000000000e+03;2.376000000000000000e+03;5.940000000000000000e+02;5.940000000000000000e+02;2.376000000000000000e+03;-5.940000000000000000e+02;-1.188000000000000000e+03;-2.376000000000000000e+03;-4.752000000000000000e+03;-6.534000000000000000e+03
0.000000000000000000e+00;1.329500000000000000e+03;2.079000000000000000e+03;1.485000000000000000e+03;1.188000000000000000e+03;2.970000000000000000e+02;2.970000000000000000e+02;1.188000000000000000e+03;-2.970000000000000000e+02;-5.940000000000000000e+02;-1.188000000000000000e+03;-2.376000000000000000e+03;-3.267000000000000000e+03
0.000000000000000000e+00;0.000000000000000000e+00;8.045000000000000000e+02;1.155000000000000000e+03;9.240000000000000000e+02;2.310000000000000000e+02;2.310000000000000000e+02;9.240000000000000000e+02;-2.310000000000000000e+02;-4.620000000000000000e+02;-9.240000000000000000e+02;-1.848000000000000000e+03;-2.541000000000000000e+03
0.000000000000000000e+00;0.000000000000000000e+00;0.000000000000000000e+00;4.075000000000000000e+02;6.600000000000000000e+02;1.650000000000000000e+02;1.650000000000000000e+02;6.600000000000000000e+02;-1.650000000000000000e+02;-3.300000000000000000e+02;-6.600000000000000000e+02;-1.320000000000000000e+03;-1.815000000000000000e+03
0.000000000000000000e+00;0.000000000000000000e+00;0.000000000000000000e+00;0.000000000000000000e+00;2.580000000000000000e+02;1.320000000000000000e+02;1.320000000000000000e+02;5.280000000000000000e+02;-1.320000000000000000e+02;-2.640000000000000000e+02;-5.280000000000000000e+02;-1.056000000000000000e+03;-1.452000000000000000e+03
0.000000000000000000e+00;0.000000000000000000e+00;0.000000000000000000e+00;0.000000000000000000e+00;0.000000000000000000e+00;1.450000000000000000e+01;3.300000000000000000e+01;1.320000000000000000e+02;-3.300000000000000000e+01;-6.600000000000000000e+01;-1.320000000000000000e+02;-2.640000000000000000e+02;-3.630000000000000000e+02
0.000000000000000000e+00;0.000000000000000000e+00;0.000000000000000000e+00;0.000000000000000000e+00;0.000000000000000000e+00;0.000000000000000000e+00;1.250000000000000000e+01;1.320000000000000000e+02;-3.300000000000000000e+01;-6.600000000000000000e+01;-1.320000000000000000e+02;-2.640000000000000000e+02;-3.630000000000000000e+02
0.000000000000000000e+00;0.000000000000000000e+00;0.000000000000000000e+00;0.000000000000000000e+00;0.000000000000000000e+00;0.000000000000000000e+00;0.000000000000000000e+00;2.600000000000000000e+02;-1.320000000000000000e+02;-2.640000000000000000e+02;-5.280000000000000000e+02;-1.056000000000000000e+03;-1.452000000000000000e+03
0.000000000000000000e+00;0.000000000000000000e+00;0.000000000000000000e+00;0.000000000000000000e+00;0.000000000000000000e+00;0.000000000000000000e+00;0.000000000000000000e+00;0.000000000000000000e+00;1.650000000000000000e+01;6.600000000000000000e+01;1.320000000000000000e+02;2.640000000000000000e+02;3.630000000000000000e+02
0.000000000000000000e+00;0.000000000000000000e+00;0.000000000000000000e+00;0.000000000000000000e+00;0.000000000000000000e+00;0.000000000000000000e+00;0.000000000000000000e+00;0.000000000000000000e+00;0.000000000000000000e+00;6.600000000000000000e+01;2.640000000000000000e+02;5.280000000000000000e+02;7.260000000000000000e+02
0.000000000000000000e+00;0.000000000000000000e+00;0.000000000000000000e+00;0.000000000000000000e+00;0.000000000000000000e+00;0.000000000000000000e+00;0.000000000000000000e+00;0.000000000000000000e+00;0.000000000000000000e+00;0.000000000000000000e+00;2.640000000000000000e+02;1.056000000000000000e+03;1.452000000000000000e+03
0.000000000000000000e+00;0.000000000000000000e+00;0.000000000000000000e+00;0.000000000000000000e+00;0.000000000000000000e+00;0.000000000000000000e+00;0.000000000000000000e+00;0.000000000000000000e+00;0.000000000000000000e+00;0.000000000000000000e+00;0.000000000000000000e+00;1.056000000000000000e+03;2.904000000000000000e+03
0.000000000000000000e+00;0.000000000000000000e+00;0.000000000000000000e+00;0.000000000000000000e+00;0.000000000000000000e+00;0.000000000000000000e+00;0.000000000000000000e+00;0.000000000000000000e+00;0.000000000000000000e+00;0.000000000000000000e+00;0.000000000000000000e+00;0.000000000000000000e+00;1.996500000000000000e+03
