7.463000000000000909e+03;1.047200000000000182e+04;2.992000000000000455e+03;1.496000000000000227e+03;5.236000000000000909e+03;2.992000000000000455e+03;2.992000000000000455e+03;1.496000000000000227e+03;-7.480000000000001137e+02;-1.496000000000000227e+03;-2.992000000000000455e+03;-5.984000000000000909e+03;-1.122000000000000182e+04
0.000000000000000000e+00;3.651200000000000728e+03;2.094400000000000546e+03;1.047200000000000273e+03;3.665200000000000728e+03;2.094400000000000546e+03;2.094400000000000546e+03;1.047200000000000273e+03;-5.236000000000001364e+02;-1.047200000000000273e+03;-2.094400000000000546e+03;-4.188800000000001091e+03;-7.854000000000001819e+03
0.000000000000000000e+00;0.000000000000000000e+00;2.892000000000000455e+02;2.992000000000000455e+02;1.047200000000000273e+03;5.984000000000000909e+02;5.984000000000000909e+02;2.992000000000000455e+02;-1.496000000000000227e+02;-2.992000000000000455e+02;-5.984000000000000909e+02;-1.196800000000000182e+03;-2.244000000000000455e+03
0.000000000000000000e+00;0.000000000000000000e+00;0.000000000000000000e+00;7.080000000000001137e+01;5.236000000000001364e+02;2.992000000000000455e+02;2.992000000000000455e+02;1.496000000000000227e+02;-7.480000000000001137e+01;-1.496000000000000227e+02;-2.992000000000000455e+02;-5.984000000000000909e+02;-1.122000000000000227e+03
0.000000000000000000e+00;0.000000000000000000e+00;0.000000000000000000e+00;0.000000000000000000e+00;9.123000000000001819e+02;1.047200000000000273e+03;1.047200000000000273e+03;5.236000000000001364e+02;-2.618000000000000682e+02;-5.236000000000001364e+02;-1.047200000000000273e+03;-2.094400000000000546e+03;-3.927000000000000909e+03
0.000000000000000000e+00;0.000000000000000000e+00;0.000000000000000000e+00;0.000000000000000000e+00;0.000000000000000000e+00;2.952000000000000455e+02;5.984000000000000909e+02;2.992000000000000455e+02;-1.496000000000000227e+02;-2.992000000000000455e+02;-5.984000000000000909e+02;-1.196800000000000182e+03;-2.244000000000000455e+03
0.000000000000000000e+00;0.000000000000000000e+00;0.000000000000000000e+00;0.000000000000000000e+00;0.000000000000000000e+00;0.000000000000000000e+00;2.932000000000000455e+02;2.992000000000000455e+02;-1.496000000000000227e+02;-2.992000000000000455e+02;-5.984000000000000909e+02;-1.196800000000000182e+03;-2.244000000000000455e+03
0.000000000000000000e+00;0.000000000000000000e+00;0.000000000000000000e+00;0.000000000000000000e+00;0.000000000000000000e+00;0.000000000000000000e+00;0.000000000000000000e+00;6.780000000000001137e+01;-7.480000000000001137e+01;-1.496000000000000227e+02;-2.992000000000000455e+02;-5.984000000000000909e+02;-1.122000000000000227e+03
0.000000000000000000e+00;0.000000000000000000e+00;0.000000000000000000e+00;0.000000000000000000e+00;0.000000000000000000e+00;0.000000000000000000e+00;0.000000000000000000e+00;0.000000000000000000e+00;1.870000000000000284e+01;7.480000000000001137e+01;1.496000000000000227e+02;2.992000000000000455e+02;5.610000000000001137e+02
0.000000000000000000e+00;0.000000000000000000e+00;0.000000000000000000e+00;0.000000000000000000e+00;0.000000000000000000e+00;0.000000000000000000e+00;0.000000000000000000e+00;0.000000000000000000e+00;0.000000000000000000e+00;7.480000000000001137e+01;2.992000000000000455e+02;5.984000000000000909e+02;1.122000000000000227e+03
0.000000000000000000e+00;0.000000000000000000e+00;0.000000000000000000e+00;0.000000000000000000e+00;0.000000000000000000e+00;0.000000000000000000e+00;0.000000000000000000e+00;0.000000000000000000e+00;0.000000000000000000e+00;0.000000000000000000e+00;2.992000000000000455e+02;1.196800000000000182e+03;2.244000000000000455e+03
0.000000000000000000e+00;0.000000000000000000e+00;0.000000000000000000e+00;0.000000000000000000e+00;0.000000000000000000e+00;0.000000000000000000e+00;0.000000000000000000e+00;0.000000000000000000e+00;0.000000000000000000e+00;0.000000000000000000e+00;0.000000000000000000e+00;1.196800000000000182e+03;4.488000000000000909e+03
0.000000000000000000e+00;0.000000000000000000e+00;0.000000000000000000e+00;0.000000000000000000e+00;0.000000000000000000e+00;0.000000000000000000e+00;0.000000000000000000e+00;0.000000000000000000e+00;0.000000000000000000e+00;0.000000000000000000e+00;0.000000000000000000e+00;0.000000000000000000e+00;4.207500000000000909e+03
