100
0   2505   2519
1   2525   2503
2   2509   2504
3   2516   2525
4   2515   2516
5   2521   2513
6   2507   2504
7   2516   2501
8   2513   2514
9   2520   2525
10   2525   2501
11   1273   1265
12   1259   1274
13   1258   1269
14   1254   1261
15   1251   1251
16   1251   1271
17   1268   1251
18   1263   1272
19   1257   1264
20   1274   1251
21   1267   1258
22   650   640
23   641   643
24   633   637
25   633   647
26   633   650
27   640   635
28   626   639
29   643   646
30   629   631
31   646   649
32   635   629
33   336   323
34   336   335
35   329   326
36   329   334
37   319   322
38   322   331
39   328   329
40   325   331
41   314   328
42   320   336
43   325   326
44   178   162
45   168   174
46   179   181
47   178   180
48   168   159
49   171   178
50   173   160
51   181   162
52   173   169
53   168   172
54   180   157
55   94   80
56   88   101
57   98   97
58   97   91
59   99   84
60   84   95
61   86   79
62   103   85
63   96   96
64   86   91
65   95   90
66   58   51
67   54   48
68   61   57
69   59   63
70   40   52
71   63   56
72   44   56
73   64   57
74   46   53
75   41   55
76   51   58
77   37   26
78   36   33
79   35   31
80   33   31
81   20   37
82   37   39
83   39   30
84   34   39
85   20   27
86   40   25
87   37   38
88   6   3
89   18   9
90   2   22
91   3   3
92   1   15
93   1   25
94   25   9
95   8   9
96   4   20
97   6   12
98   10   3
99   6   6
5000
