100
0   1503   1510
1   1514   1513
2   1513   1502
3   1505   1502
4   1508   1513
5   1508   1508
6   1511   1507
7   1513   1504
8   1502   1508
9   1501   1515
10   1514   1507
11   1507   1510
12   1513   1513
13   1501   1512
14   1508   1505
15   1512   1513
16   1504   1510
17   1502   1515
18   1506   1501
19   1501   1501
20   1511   1509
21   1501   1515
22   1507   1511
23   1504   1507
24   1512   1501
25   1509   1504
26   1513   1508
27   1508   1509
28   1504   1506
29   1504   1511
30   1504   1513
31   1508   1505
32   1515   1501
33   1507   1514
34   1515   1509
35   1515   1511
36   1502   1503
37   1511   1512
38   1514   1505
39   1502   1512
40   1506   1515
41   1512   1512
42   1509   1515
43   1507   1509
44   1514   1515
45   761   754
46   755   755
47   760   765
48   758   764
49   759   757
50   760   764
51   751   758
52   754   762
53   763   757
54   757   761
55   753   756
56   759   765
57   762   763
58   761   762
59   756   752
60   758   761
61   759   752
62   763   753
63   759   764
64   757   756
65   758   762
66   751   758
67   751   755
68   762   764
69   760   760
70   760   757
71   761   753
72   753   759
73   754   751
74   763   754
75   759   765
76   764   759
77   754   757
78   759   756
79   764   760
80   756   758
81   765   755
82   761   759
83   760   762
84   751   757
85   763   764
86   764   765
87   762   759
88   763   753
89   759   763
90   9   4
91   7   1
92   8   14
93   6   10
94   9   4
95   9   7
96   8   14
97   6   7
98   6   1
99   9   9
3000
