100
0   753   760
1   752   755
2   752   758
3   758   758
4   757   754
5   377   383
6   376   382
7   382   385
8   376   383
9   380   379
10   197   189
11   193   188
12   188   188
13   196   188
14   194   191
15   100   94
16   102   97
17   101   101
18   102   97
19   99   97
20   50   54
21   51   47
22   53   55
23   48   49
24   51   48
25   29   32
26   30   32
27   27   28
28   28   33
29   31   32
30   18   21
31   12   19
32   15   18
33   18   14
34   17   20
35   11   7
36   13   14
37   7   8
38   14   12
39   11   13
40   3   10
41   3   7
42   12   12
43   12   9
44   5   5
45   10   5
46   2   5
47   10   10
48   5   8
49   10   7
50   10   6
51   8   5
52   9   10
53   1   7
54   9   3
55   9   9
56   4   7
57   1   8
58   6   10
59   9   4
60   9   7
61   8   6
62   7   6
63   1   9
64   9   10
65   10   6
66   8   10
67   1   4
68   3   9
69   10   3
70   2   9
71   5   1
72   2   2
73   1   8
74   1   5
75   4   5
76   2   10
77   3   6
78   5   2
79   3   3
80   5   9
81   3   5
82   5   8
83   6   8
84   8   2
85   1   5
86   7   6
87   7   4
88   5   2
89   5   9
90   4   10
91   7   1
92   4   1
93   7   3
94   1   3
95   8   9
96   7   9
97   4   9
98   8   4
99   9   1
1500
