100
0   753   760
1   752   755
2   752   758
3   758   758
4   757   754
5   752   758
6   751   757
7   757   760
8   751   758
9   755   754
10   760   752
11   756   751
12   751   751
13   759   751
14   757   754
15   757   751
16   759   754
17   758   758
18   759   754
19   756   754
20   754   758
21   755   751
22   382   384
23   377   378
24   380   377
25   381   384
26   382   384
27   379   380
28   380   385
29   383   384
30   382   385
31   376   383
32   379   382
33   382   378
34   381   384
35   381   377
36   383   384
37   377   378
38   384   382
39   381   383
40   376   383
41   376   380
42   385   385
43   385   382
44   190   190
45   196   191
46   188   191
47   196   196
48   191   194
49   196   193
50   197   193
51   195   192
52   196   197
53   188   194
54   196   190
55   196   196
56   191   194
57   188   195
58   193   197
59   196   191
60   196   194
61   195   193
62   194   193
63   188   196
64   196   197
65   197   193
66   101   103
67   94   97
68   96   102
69   103   96
70   95   102
71   98   94
72   95   95
73   94   101
74   94   98
75   97   98
76   95   103
77   96   99
78   98   95
79   96   96
80   98   102
81   96   98
82   98   101
83   99   101
84   101   95
85   94   98
86   100   99
87   100   97
88   5   2
89   5   9
90   4   10
91   7   1
92   4   1
93   7   3
94   1   3
95   8   9
96   7   9
97   4   9
98   8   4
99   9   1
1500
