100
0   2505   2519
1   2525   2503
2   2509   2504
3   2516   2525
4   2515   2516
5   1271   1263
6   1257   1254
7   1266   1251
8   1263   1264
9   1270   1275
10   650   626
11   648   640
12   634   649
13   633   644
14   629   636
15   313   313
16   313   333
17   330   313
18   325   334
19   319   326
20   180   157
21   173   164
22   181   171
23   172   174
24   164   168
25   86   100
26   86   103
27   93   88
28   79   92
29   96   99
30   43   45
31   60   63
32   49   43
33   63   50
34   63   62
35   36   33
36   36   41
37   26   29
38   29   38
39   35   36
40   22   28
41   11   25
42   17   33
43   22   23
44   31   15
45   16   22
46   27   29
47   26   28
48   16   7
49   19   26
50   19   6
51   27   8
52   19   15
53   14   18
54   26   3
55   17   3
56   11   24
57   21   20
58   20   14
59   22   7
60   6   17
61   8   1
62   25   7
63   18   18
64   8   13
65   17   12
66   19   12
67   15   9
68   22   18
69   20   24
70   1   13
71   24   17
72   5   17
73   25   18
74   7   14
75   2   16
76   12   19
77   18   7
78   17   14
79   16   12
80   14   12
81   1   18
82   18   20
83   20   11
84   15   20
85   1   8
86   21   6
87   18   19
88   6   3
89   18   9
90   2   22
91   3   3
92   1   15
93   1   25
94   25   9
95   8   9
96   4   20
97   6   12
98   10   3
99   6   6
5000
