100
0   753   760
1   752   755
2   752   758
3   758   758
4   757   754
5   752   758
6   751   757
7   757   760
8   751   758
9   755   754
10   760   752
11   381   376
12   376   376
13   384   376
14   382   379
15   382   376
16   384   379
17   383   383
18   384   379
19   381   379
20   379   383
21   380   376
22   194   196
23   189   190
24   192   189
25   193   196
26   194   196
27   191   192
28   192   197
29   195   196
30   194   197
31   188   195
32   191   194
33   100   96
34   99   102
35   99   95
36   101   102
37   95   96
38   102   100
39   99   101
40   94   101
41   94   98
42   103   103
43   103   100
44   49   49
45   55   50
46   47   50
47   55   55
48   50   53
49   55   52
50   56   52
51   54   51
52   55   56
53   47   53
54   55   49
55   32   32
56   27   30
57   24   31
58   29   33
59   32   27
60   32   30
61   31   29
62   30   29
63   24   32
64   32   33
65   33   29
66   19   21
67   12   15
68   14   20
69   21   14
70   13   20
71   16   12
72   13   13
73   12   19
74   12   16
75   15   16
76   13   21
77   8   11
78   10   7
79   8   8
80   10   14
81   8   10
82   10   13
83   11   13
84   13   7
85   6   10
86   12   11
87   12   9
88   5   2
89   5   9
90   4   10
91   7   1
92   4   1
93   7   3
94   1   3
95   8   9
96   7   9
97   4   9
98   8   4
99   9   1
1500
