100
0   2005   2019
1   2003   2009
2   2004   2016
3   2015   2016
4   2013   2007
5   1004   1016
6   1001   1013
7   1014   1020
8   1001   1015
9   1009   1008
10   519   504
11   511   501
12   501   501
13   518   501
14   513   507
15   264   251
16   267   258
17   265   266
18   268   258
19   262   258
20   133   140
21   135   126
22   139   143
23   129   131
24   135   129
25   73   79
26   76   79
27   69   72
28   72   81
29   78   79
30   44   50
31   33   47
32   39   44
33   45   37
34   43   49
35   27   18
36   30   32
37   19   21
38   32   28
39   27   31
40   8   23
41   9   17
42   27   26
43   26   20
44   13   13
45   20   11
46   4   10
47   21   21
48   11   16
49   20   15
50   20   13
51   16   10
52   19   21
53   2   14
54   18   6
55   18   19
56   8   15
57   3   17
58   13   20
59   19   8
60   17   14
61   16   12
62   14   12
63   1   18
64   18   20
65   20   11
66   15   20
67   1   8
68   6   18
69   19   6
70   3   18
71   9   2
72   3   3
73   1   15
74   1   9
75   8   9
76   4   20
77   6   12
78   10   3
79   6   6
80   9   17
81   6   9
82   10   15
83   11   16
84   16   4
85   1   10
86   13   11
87   14   7
88   9   4
89   9   17
90   7   20
91   14   1
92   8   1
93   13   5
94   2   6
95   15   17
96   14   18
97   8   17
98   15   8
99   17   1
4000
