100
0   1503   1510
1   1514   1513
2   1513   1502
3   1505   1502
4   1508   1513
5   758   758
6   761   757
7   763   754
8   752   758
9   751   765
10   389   382
11   382   385
12   388   388
13   376   387
14   383   380
15   199   200
16   191   197
17   189   202
18   193   188
19   188   188
20   104   102
21   94   108
22   100   104
23   97   100
24   105   94
25   55   50
26   59   54
27   54   55
28   50   52
29   50   57
30   27   36
31   31   28
32   38   24
33   30   37
34   38   32
35   26   22
36   13   14
37   22   23
38   25   16
39   13   23
40   11   20
41   17   17
42   14   20
43   12   14
44   19   20
45   13   6
46   7   7
47   12   17
48   10   16
49   11   9
50   11   15
51   2   9
52   5   13
53   14   8
54   8   12
55   3   6
56   9   15
57   12   13
58   11   12
59   6   2
60   8   11
61   9   2
62   13   3
63   9   14
64   7   6
65   8   12
66   1   8
67   1   5
68   12   14
69   10   10
70   10   7
71   11   3
72   3   9
73   4   1
74   13   4
75   9   15
76   14   9
77   4   7
78   9   6
79   14   10
80   6   8
81   15   5
82   11   9
83   10   12
84   1   7
85   13   14
86   14   15
87   12   9
88   13   3
89   9   13
90   9   4
91   7   1
92   8   14
93   6   10
94   9   4
95   9   7
96   8   14
97   6   7
98   6   1
99   9   9
3000
