100
0   2005   2019
1   2003   2009
2   2004   2016
3   2015   2016
4   2013   2007
5   2004   2016
6   2001   2013
7   2014   2020
8   2001   2015
9   2009   2008
10   2019   2004
11   2011   2001
12   2001   2001
13   2018   2001
14   2013   2007
15   2014   2001
16   2017   2008
17   2015   2016
18   2018   2008
19   2012   2008
20   2008   2015
21   2010   2001
22   1014   1018
23   1004   1006
24   1010   1004
25   1011   1017
26   1014   1017
27   1007   1010
28   1010   1019
29   1016   1017
30   1013   1019
31   1002   1016
32   1008   1013
33   1014   1006
34   1012   1018
35   1012   1003
36   1015   1017
37   1004   1006
38   1017   1013
39   1012   1016
40   1001   1016
41   1002   1010
42   1020   1019
43   1019   1013
44   506   506
45   517   508
46   501   507
47   518   518
48   508   513
49   517   512
50   519   512
51   515   509
52   518   520
53   501   513
54   517   505
55   517   518
56   507   514
57   502   516
58   512   519
59   518   507
60   517   514
61   516   512
62   514   512
63   501   518
64   518   520
65   520   511
66   265   270
67   251   258
68   256   268
69   269   256
70   253   268
71   259   252
72   253   253
73   251   265
74   251   259
75   258   259
76   254   270
77   256   262
78   260   253
79   256   256
80   259   267
81   256   259
82   260   265
83   261   266
84   266   254
85   251   260
86   263   261
87   264   257
88   9   4
89   9   17
90   7   20
91   14   1
92   8   1
93   13   5
94   2   6
95   15   17
96   14   18
97   8   17
98   15   8
99   17   1
4000
