100
0   2005   2019
1   2003   2009
2   2004   2016
3   2015   2016
4   2013   2007
5   2004   2016
6   2001   2013
7   2014   2020
8   2001   2015
9   2009   2008
10   2019   2004
11   1011   1001
12   1001   1001
13   1018   1001
14   1013   1007
15   1014   1001
16   1017   1008
17   1015   1016
18   1018   1008
19   1012   1008
20   1008   1015
21   1010   1001
22   514   518
23   504   506
24   510   504
25   511   517
26   514   517
27   507   510
28   510   519
29   516   517
30   513   519
31   502   516
32   508   513
33   264   256
34   262   268
35   262   253
36   265   267
37   254   256
38   267   263
39   262   266
40   251   266
41   252   260
42   270   269
43   269   263
44   131   131
45   142   133
46   126   132
47   143   143
48   133   138
49   142   137
50   144   137
51   140   134
52   143   145
53   126   138
54   142   130
55   79   80
56   69   76
57   64   78
58   74   81
59   80   69
60   79   76
61   78   74
62   76   74
63   63   80
64   80   82
65   82   73
66   46   51
67   32   39
68   37   49
69   50   37
70   34   49
71   40   33
72   34   34
73   32   46
74   32   40
75   39   40
76   35   51
77   21   27
78   25   18
79   21   21
80   24   32
81   21   24
82   25   30
83   26   31
84   31   19
85   16   25
86   28   26
87   29   22
88   9   4
89   9   17
90   7   20
91   14   1
92   8   1
93   13   5
94   2   6
95   15   17
96   14   18
97   8   17
98   15   8
99   17   1
4000
