100
0   1503   1510
1   1514   1513
2   1513   1502
3   1505   1502
4   1508   1513
5   1508   1508
6   1511   1507
7   1513   1504
8   1502   1508
9   1501   1515
10   1514   1507
11   1507   1510
12   1513   1513
13   1501   1512
14   1508   1505
15   1512   1513
16   1504   1510
17   1502   1515
18   1506   1501
19   1501   1501
20   1511   1509
21   1501   1515
22   757   761
23   754   757
24   762   751
25   759   754
26   763   758
27   758   759
28   754   756
29   754   761
30   754   763
31   758   755
32   765   751
33   757   764
34   765   759
35   765   761
36   752   753
37   761   762
38   764   755
39   752   762
40   756   765
41   762   762
42   759   765
43   757   759
44   389   390
45   386   379
46   380   380
47   385   390
48   383   389
49   384   382
50   385   389
51   376   383
52   379   387
53   388   382
54   382   386
55   378   381
56   384   390
57   387   388
58   386   387
59   381   377
60   383   386
61   384   377
62   388   378
63   384   389
64   382   381
65   383   387
66   188   195
67   188   192
68   199   201
69   197   197
70   197   194
71   198   190
72   190   196
73   191   188
74   200   191
75   196   202
76   201   196
77   191   194
78   196   193
79   201   197
80   193   195
81   202   192
82   198   196
83   197   199
84   188   194
85   200   201
86   201   202
87   199   196
88   13   3
89   9   13
90   9   4
91   7   1
92   8   14
93   6   10
94   9   4
95   9   7
96   8   14
97   6   7
98   6   1
99   9   9
3000
