100
0   2005   2019
1   2003   2009
2   2004   2016
3   2015   2016
4   2013   2007
5   2004   2016
6   2001   2013
7   2014   2020
8   2001   2015
9   2009   2008
10   2019   2004
11   2011   2001
12   2001   2001
13   2018   2001
14   2013   2007
15   2014   2001
16   2017   2008
17   2015   2016
18   2018   2008
19   2012   2008
20   2008   2015
21   2010   2001
22   2014   2018
23   2004   2006
24   2010   2004
25   2011   2017
26   2014   2017
27   2007   2010
28   2010   2019
29   2016   2017
30   2013   2019
31   2002   2016
32   2008   2013
33   2014   2006
34   2012   2018
35   2012   2003
36   2015   2017
37   2004   2006
38   2017   2013
39   2012   2016
40   2001   2016
41   2002   2010
42   2020   2019
43   2019   2013
44   2006   2006
45   1017   1008
46   1001   1007
47   1018   1018
48   1008   1013
49   1017   1012
50   1019   1012
51   1015   1009
52   1018   1020
53   1001   1013
54   1017   1005
55   1017   1018
56   1007   1014
57   1002   1016
58   1012   1019
59   1018   1007
60   1017   1014
61   1016   1012
62   1014   1012
63   1001   1018
64   1018   1020
65   1020   1011
66   1015   1020
67   1001   1008
68   1006   1018
69   1019   1006
70   1003   1018
71   1009   1002
72   1003   1003
73   1001   1015
74   1001   1009
75   1008   1009
76   1004   1020
77   1006   1012
78   1010   1003
79   1006   1006
80   1009   1017
81   1006   1009
82   1010   1015
83   1011   1016
84   1016   1004
85   1001   1010
86   1013   1011
87   1014   1007
88   1009   1004
89   1009   1017
90   7   20
91   14   1
92   8   1
93   13   5
94   2   6
95   15   17
96   14   18
97   8   17
98   15   8
99   17   1
4000
