100
0   2505   2519
1   2525   2503
2   2509   2504
3   2516   2525
4   2515   2516
5   2521   2513
6   2507   2504
7   2516   2501
8   2513   2514
9   2520   2525
10   2525   2501
11   2523   2515
12   2509   2524
13   2508   2519
14   2504   2511
15   2501   2501
16   2501   2521
17   2518   2501
18   2513   2522
19   2507   2514
20   2524   2501
21   2517   2508
22   2525   2515
23   2516   2518
24   2508   2512
25   2508   2522
26   2508   2525
27   2515   2510
28   2501   2514
29   2518   2521
30   2504   2506
31   2521   2524
32   2510   2504
33   2524   2511
34   2524   2523
35   2517   2514
36   2517   2522
37   2507   2510
38   2510   2519
39   2516   2517
40   2513   2519
41   2502   2516
42   2508   2524
43   2513   2514
44   2522   2506
45   1262   1268
46   1273   1275
47   1272   1274
48   1262   1253
49   1265   1272
50   1267   1254
51   1275   1256
52   1267   1263
53   1262   1266
54   1274   1251
55   1266   1252
56   1260   1273
57   1270   1269
58   1269   1263
59   1271   1256
60   1256   1267
61   1258   1251
62   1275   1257
63   1268   1268
64   1258   1263
65   1267   1262
66   1269   1262
67   1265   1259
68   1272   1268
69   1270   1274
70   1251   1263
71   1274   1267
72   1255   1267
73   1275   1268
74   1257   1264
75   1252   1266
76   1262   1269
77   1268   1257
78   1267   1264
79   1266   1262
80   1264   1262
81   1251   1268
82   1268   1270
83   1270   1261
84   1265   1270
85   1251   1258
86   1271   1256
87   1268   1269
88   1256   1253
89   1268   1259
90   2   22
91   3   3
92   1   15
93   1   25
94   25   9
95   8   9
96   4   20
97   6   12
98   10   3
99   6   6
5000
