100
0   1503   1510
1   1514   1513
2   1513   1502
3   1505   1502
4   1508   1513
5   1508   1508
6   1511   1507
7   1513   1504
8   1502   1508
9   1501   1515
10   1514   1507
11   757   760
12   763   763
13   751   762
14   758   755
15   762   763
16   754   760
17   752   765
18   756   751
19   751   751
20   761   759
21   751   765
22   382   386
23   379   382
24   387   376
25   384   379
26   388   383
27   383   384
28   379   381
29   379   386
30   379   388
31   383   380
32   390   376
33   194   201
34   202   196
35   202   198
36   189   190
37   198   199
38   201   192
39   189   199
40   193   202
41   199   199
42   196   202
43   194   196
44   107   108
45   104   97
46   98   98
47   103   108
48   101   107
49   102   100
50   103   107
51   94   101
52   97   105
53   106   100
54   100   104
55   49   52
56   55   61
57   58   59
58   57   58
59   52   48
60   54   57
61   55   48
62   59   49
63   55   60
64   53   52
65   54   58
66   24   31
67   24   28
68   35   37
69   33   33
70   33   30
71   34   26
72   26   32
73   27   24
74   36   27
75   32   38
76   37   32
77   15   18
78   20   17
79   25   21
80   17   19
81   26   16
82   22   20
83   21   23
84   12   18
85   24   25
86   25   26
87   23   20
88   13   3
89   9   13
90   9   4
91   7   1
92   8   14
93   6   10
94   9   4
95   9   7
96   8   14
97   6   7
98   6   1
99   9   9
3000
