100
0   753   760
1   752   755
2   752   758
3   758   758
4   757   754
5   752   758
6   751   757
7   757   760
8   751   758
9   755   754
10   760   752
11   756   751
12   751   751
13   759   751
14   757   754
15   757   751
16   759   754
17   758   758
18   759   754
19   756   754
20   754   758
21   755   751
22   757   759
23   752   753
24   755   752
25   756   759
26   757   759
27   754   755
28   755   760
29   758   759
30   757   760
31   751   758
32   754   757
33   757   753
34   756   759
35   756   752
36   758   759
37   752   753
38   759   757
39   756   758
40   751   758
41   751   755
42   760   760
43   760   757
44   753   753
45   384   379
46   376   379
47   384   384
48   379   382
49   384   381
50   385   381
51   383   380
52   384   385
53   376   382
54   384   378
55   384   384
56   379   382
57   376   383
58   381   385
59   384   379
60   384   382
61   383   381
62   382   381
63   376   384
64   384   385
65   385   381
66   383   385
67   376   379
68   378   384
69   385   378
70   377   384
71   380   376
72   377   377
73   376   383
74   376   380
75   379   380
76   377   385
77   378   381
78   380   377
79   378   378
80   380   384
81   378   380
82   380   383
83   381   383
84   383   377
85   376   380
86   382   381
87   382   379
88   380   377
89   380   384
90   4   10
91   7   1
92   4   1
93   7   3
94   1   3
95   8   9
96   7   9
97   4   9
98   8   4
99   9   1
1500
