100
0   2505   2519
1   2525   2503
2   2509   2504
3   2516   2525
4   2515   2516
5   2521   2513
6   2507   2504
7   2516   2501
8   2513   2514
9   2520   2525
10   2525   2501
11   2523   2515
12   2509   2524
13   2508   2519
14   2504   2511
15   2501   2501
16   2501   2521
17   2518   2501
18   2513   2522
19   2507   2514
20   2524   2501
21   2517   2508
22   1275   1265
23   1266   1268
24   1258   1262
25   1258   1272
26   1258   1275
27   1265   1260
28   1251   1264
29   1268   1271
30   1254   1256
31   1271   1274
32   1260   1254
33   1274   1261
34   1274   1273
35   1267   1264
36   1267   1272
37   1257   1260
38   1260   1269
39   1266   1267
40   1263   1269
41   1252   1266
42   1258   1274
43   1263   1264
44   647   631
45   637   643
46   648   650
47   647   649
48   637   628
49   640   647
50   642   629
51   650   631
52   642   638
53   637   641
54   649   626
55   641   627
56   635   648
57   645   644
58   644   638
59   646   631
60   631   642
61   633   626
62   650   632
63   643   643
64   633   638
65   642   637
66   331   324
67   327   321
68   334   330
69   332   336
70   313   325
71   336   329
72   317   329
73   337   330
74   319   326
75   314   328
76   324   331
77   330   319
78   329   326
79   328   324
80   326   324
81   313   330
82   330   332
83   332   323
84   327   332
85   313   320
86   333   318
87   330   331
88   6   3
89   18   9
90   2   22
91   3   3
92   1   15
93   1   25
94   25   9
95   8   9
96   4   20
97   6   12
98   10   3
99   6   6
5000
